$ANSIBLE_VAULT;1.1;AES256
31333830306134613961376665373434316132633061323430386665366234396539623230316531
3635666162356437303166663637363162336137336339390a386561396232323237383039393266
33623632643263613632393565656234633830353066626666316465316638313730623238363831
3435643865326134310a653235643436313063343266393936393434346464303961306533373365
32656335353662626535353238663737646661646637303836353533383861376434303130333031
33363761363365373031626566323662306233613234626535396535343033303939656537396165
37383338363730646666333630363536326339646564306131383865653039383861353434393534
36303261366439366666346530346638333635366263313539623166396634656135326230363462
31343838626261613334356534303662373962303564643133613364623464393065313165363731
32623231353761373364396364313532613037376139353163386561346136636134656438376637
343330343735333665633930633339386334
