$ANSIBLE_VAULT;1.1;AES256
61666461633666376166643934636161353933326634623963313730303332313962333263396134
6164306436303636626436343538393962653865386363620a323332303235343830383063393539
35653432373962303539303861386436343032376538656466353330643365353534323030333236
3863386231633336340a653636653761326137393734623863643431646638616337313461666332
37323734326330333130373138326236643463373434313439386230663661643866653137386638
33333462646265616464373038326362316237663132333663626337373234366230333035613235
63366433363239366565656661623763636338346633613933313831623662653331633738653765
33393035396438663163356132306361636134373433303130623231616635646564363466323961
35663363623066306465656235336335383036613235666633366462636238356366373562383461
30376366623536633635623562666164353637323633303264323035346665656131306234626538
36376263396532363836313736653439343434353562376462323134666438313039386630366161
35353561306537303035653035353931616134653762383039336230636431613532326666636237
61646333333438346166376133396634303735623431616633666166376436646132646362613664
63643166386434363161303631393531363735616237626666343337393761396130333532613535
35323531383533663634353262376364373338353836666634343639363639326263396363666564
37333434393437323437663939333064363830336432653037383937626631363966306439323330
32336238666265616565343339653565363265376236666134323562383261656134383661353765
34376562623264313236613364316334656633613866636138646461383661633164353562323936
65393031313035383432353039373865633761336638376462376431663962343733383834666431
66333231356338326332306134396430663038386562616537316464353830383133373862643665
64653235386464376266303630363733643337383238343065623766326262383664303165363261
6231346138646635376434396561346338363065333935343734
