$ANSIBLE_VAULT;1.1;AES256
61306235393434336436383833653366623166663335386364666631383530386633376565666262
6366376363646163666433376138333764626634613665620a643063386235336335663161333037
39613833613130323836623833303161313538313530636563376666663133663565613737626233
3863356630373531370a393663336132663763623765353230363931656235363961613730353133
63663064323637616337646137633533363535306561363565643966323232616333393865343535
63343237383163386162613939633035326263666561616339613466303262376132333733343063
61393964333433333164343062373332393034333636663165373864343032323035643161363830
38626431656333636266323865383337653238633561383061643339316538323530316438303662
61396465303465376362373930343163306632633038326333373961326236363230303037356165
33616163303164643138393836336635636437636633333138383633353338316434333964343365
303539336464306430353866333630356233
